[428843415,
 730033053750,
 1137781529259375,
 1507515015007501500,
 5989808546596875,
 -8204163346979600,
 -13915523215453860000,
 -1680415797060000,
 -15444795591225000,
 5278229106150000,
 -30583567506492000,
 -139155232154538600,
 -150806545890000,
 -1076796439291072500,
 -202850192645100000,
 934410133269112500,
 13190076900000,
 276101651100275000,
 -226127252251125225000,
 90450900900450090,
 -205850935139850,
 -29534988049126560,
 20557022931920475000,
 36062256470240,
 15603860972700000,
 98846691783840,
 251252502501250250,
 5634727573475000,
 -2140464695118750,
 -571028414775568750,
 678892113900000,
 830586785128100000,
 421928400701808,
 2051040836744900000,
 -27306756702225000,
 3076561255117350000,
 6278696439015,
 -17394404019317325000,
 230742094133801250,
 551599842543750,
 -1845936753070410,
 3975863775843960,
 7178642928607150000,
 -18459367530704100000,
 9466342323438000,
 747528106615290,
 -61846769846461600,
 24120240240120024,
 3675909556068750,
 643533149634375,
 -1447214414407201440,
 164815781524143750,
 1245880177692150000,
 3238913315137500,
 1618191309509775000,
 17394404019317325000,
 11306362612556261250,
 30835534397880712500,
 -2879034057900000,
 1260799640100000,
 -10763479609740000,
 -16445618345536380000,
 4829766491550000,
 88746959282231250,
 6864353596100000,
 3281665338791840,
 2587597292129850000,
 267606215681805000,
 3924185274384375,
 112950675450112500,
 6534950321900000,
 11212921599229350000,
 1025520418372450000,
 7917343659225000,
 15068871453636000,
 50712548161275000,
 1955855851950000,
 -11558509353641250,
 339049607706810000,
 -764589187662300000,
 1159626934621155,
 69025412775068750,
 -47786824228893750,
 47090223292612500,
 21535928785821450000,
 19902883893750,
 -15603860972700000,
 -361803603601800360,
 3865423115403850000,
 160801601600800160,
 769140313779337500,
 376721786340900000,
 448665183037946875,
 361803603601800360,
 -31669374636900000,
 1932711557701925000,
 -8825597480700000,
 1070424862727220000,
 2229122996100000,
 42473187875868750,
 1968999203275104,
 1266774985476000,
 18554030953938480,
 -4614841882676025000,
 11960449705844640,
 -869720200965866250,
 35680828757574000,
 111324185723630880,
 77867511105759375,
 -121639188946275000,
 1427233150302960,
 -8222809172768190,
 463850773848462000,
 -652603902600650000,
 1495056213230580000,
 25125250250125025000,
 -556620928618154400,
 4922498008187760,
 -1033724581719429600,
 602754858145440,
 -9939659439609900000,
 10296530394150000,
 129215572714928700000,
 311470044423037500,
 993965943960990,
 -5493859384138125,
 -10767964392910725,
 3363587378043750,
 241202402401200240,
 4348601004829331250,
 -169892751503475000,
 307656125511735,
 96480960960480096,
 14791159880371875,
 75344357268180000,
 -2637052504386300000,
 180901801800900180000,
 86107836877920,
 -5352124313636100000,
 -1067897295164700000,
 206744916343885920,
 15075150150075015,
 -87901750146210000,
 6281312562531256250,
 44232432344100000,
 9534797278256250,
 -5168622908597148000,
 -206744916343885920,
 -11653641117868750,
 -2261272522511252250,
 3691873506140820000,
 764589187662300000,
 -8075973294683043750,
 -1338031078409025000,
 123062450204694000,
 -283990269703140000,
 892020718939350000,
 4259854045547100000,
 1678124320973100000,
 8563398901817760,
 4288561148746875,
 61779182364900000,
 12678137040318750,
 397586377584396000,
 -5139255732980118750,
 4139799849900000,
 1338031078409025000,
 -1546169246161540000,
 181633718414362500,
 29534988049126560,
 -323038931787321750,
 6831256851222804000,
 452254504502250450,
 -56531813062781306250,
 -679571006013900000,
 6826689175556250,
 467205066634556250,
 14357285857214300000,
 55751294933709375,
 -17749391856446250,
 -1153710470669006250,
 -82340374055940000,
 -4307185757164290000,
 63158809645181250,
 9045090090045009000,
 23545111646306250,
 8075973294683043750,
 -1356763513506751350,
 724766834138221875,
 7475281066152900000,
 17444102316515374500,
 4020040040020004000,
 -376721786340900000,
 594680479292900000,
 2225013050575940625,
 28265906531390653125,
 15903455103375840,
 4485168639691740000,
 6030060060030006000,
 113063626125562612500,
 -36180360360180036000,
 47504061955350000,
 53493927587100000,
 -3669683432475060000,
 -3289123669107276000,
 9632091128034375,
 1085410810805401080,
 132097249755900000,
 252635238580725000,
 370026412774568550000,
 -53817398048700000,
 4361025579128843625,
 6230036541612633750,
 621228714975618750,
 36180360360180036000,
 35240610740435100000,
 1447214414407201440,
 -61779182364900000,
 792913741659789750,
 139413405126996000,
 -3083553439788071250,
 58814552897100000,
 4070290540520254050000,
 13344303390818400,
 7903254258900000,
 -2035145270260127025,
 200383534302535584,
 1876718915171100000,
 69577616077269300000,
 6472765238039100000,
 1010540954322900000,
 871333782043725000,
 226127252251125225000,
 1156058851745397600,
 -184936149658260000,
 -9136454636409100000,
 41857976260100000,
 542705405402700540000,
 14801056510982742000,
 -1678124320973100000,
 -50878631756503175625,
 -16613430777633690000,
 48455839768098262500,
 719196137559900000,
 -7475281066152900000,
 -129215572714928700000,
 333607584770460000,
 -2007046617613537500,
 68616978379950000,
 494447344572431250,
 15136143201196875,
 62786964390150000,
 -1038339423602105625,
 2899067336552887500,
 202850192645100000,
 8900052202303762500,
 697764092660614980,
 18095085958950000,
 44728467478244550000,
 4614841882676025000,
 171014623039260000,
 -52860916110652650000,
 1411416704798100000,
 249201461664505350,
 42695355320142525000,
 592042260439309680,
 1153710470669006250,
 12686619866556636000,
 -10050100100050010000,
 339190878376687837500,
 200704661761353750,
 1356763513506751350,
 10673838830035631250,
 2170821621610802160,
 -32562324324162032400,
 291244716863100000,
 5352124313636100000,
 814058108104050810000,
 37687875375187537500,
 16056372940908300000,
 150751501500750150000,
 -82228091727681900000,
 127143602890053750,
 -4816911882272490000,
 11596269346211550000,
 -246684275183045700000,
 2580488508360262500,
 79291374165978975000,
 7551559444378950000,
 2189505401032950000,
 11075620518422460000,
 195373945944972194400,
 19822843541494743750,
 436102557912884362500,
 305271790539019053750,
 104366424115903950000,
 1221087162156076215000,
 56531813062781306250,
 -444031695329482260000,
 387646718144786100000,
 904509009004500900000,
 -904509009004500900000,
 109025639478221090625,
 317165496663915900000,
 169595439188343918750,
 4884348648624304860000]
